0 0.350000 0.122917 0.092500 0.150000
0 0.415000 0.342708 0.210000 0.222917
0 0.043750 0.371875 0.085000 0.206250
0 0.126250 0.286458 0.040000 0.072917
0 0.090625 0.227083 0.018750 0.033333
0 0.185000 0.638542 0.057500 0.039583
0 0.909375 0.783333 0.153750 0.258333
0 0.881875 0.519792 0.023750 0.035417
0 0.953125 0.119792 0.093750 0.143750
0 0.873750 0.230208 0.085000 0.056250
0 0.881250 0.388542 0.022500 0.031250
0 0.873125 0.346875 0.013750 0.022917
0 0.970625 0.427083 0.041250 0.045833
0 0.906875 0.423958 0.016250 0.027083
0 0.856875 0.460417 0.018750 0.029167
0 0.465625 0.498958 0.036250 0.077083
0 0.091250 0.552083 0.100000 0.137500
0 0.020625 0.609375 0.038750 0.039583
0 0.113750 0.430208 0.047500 0.072917
