0 0.265625 0.284375 0.126250 0.147917
0 0.376875 0.359375 0.066250 0.085417
0 0.274375 0.503125 0.058750 0.072917
0 0.483125 0.726042 0.116250 0.127083
0 0.592500 0.662500 0.060000 0.058333
0 0.631250 0.540625 0.057500 0.097917
0 0.482500 0.356250 0.130000 0.158333
0 0.567500 0.294792 0.040000 0.060417
0 0.687500 0.118750 0.067500 0.095833
0 0.721250 0.293750 0.097500 0.112500
0 0.798750 0.344792 0.057500 0.085417
0 0.870625 0.329167 0.056250 0.070833
0 0.931250 0.427083 0.035000 0.062500
0 0.103750 0.760417 0.055000 0.120833
