0 0.676875 0.101042 0.056250 0.097917
0 0.243125 0.128125 0.056250 0.089583
0 0.279375 0.054167 0.031250 0.037500
0 0.805625 0.488542 0.036250 0.043750
0 0.762500 0.727083 0.025000 0.037500
0 0.643750 0.858333 0.040000 0.050000
0 0.292500 0.864583 0.037500 0.050000
0 0.385625 0.647917 0.036250 0.045833
0 0.446250 0.640625 0.037500 0.047917
0 0.596250 0.583333 0.040000 0.058333
0 0.691875 0.663542 0.028750 0.043750
0 0.462500 0.863542 0.025000 0.035417
0 0.463125 0.927083 0.026250 0.045833
0 0.458750 0.482292 0.047500 0.077083
0 0.394375 0.420833 0.041250 0.045833
0 0.267500 0.418750 0.065000 0.112500
0 0.106250 0.422917 0.025000 0.075000
0 0.126250 0.697917 0.032500 0.058333
0 0.126250 0.772917 0.047500 0.070833
0 0.556875 0.291667 0.046250 0.070833
0 0.373750 0.161458 0.100000 0.177083
0 0.443750 0.119792 0.027500 0.043750
0 0.478750 0.117708 0.035000 0.052083
0 0.435625 0.178125 0.016250 0.043750
